0.049558 -0.122515 0.377537 85.000000
-0.182211 0.080438 0.346884 145.000000
0.253039 0.031277 0.308210 270.000000
-0.130816 -0.271449 0.263064 495.000000
-0.078433 0.318851 0.228434 610.000000
0.272341 -0.233516 0.176920 655.000000
-0.376132 -0.024083 0.133958 955.000000
0.233011 0.300876 0.123205 840.000000
0.015784 -0.398872 0.025539 1265.000000
-0.274943 0.288998 0.029768 1115.000000
0.396598 -0.052060 0.000000 1275.000000
-0.324904 -0.232770 0.015984 1050.000000
0.030810 0.398812 0.000000 1285.000000
0.168218 -0.362909 0.000000 1310.000000
-0.396598 0.052060 0.000000 1250.000000
0.340260 0.210292 0.000000 1005.000000
-0.118097 -0.382169 0.000000 1300.000000
-0.118097 0.382169 0.000000 1290.000000
0.396598 -0.052060 0.000000 1275.000000
-0.366437 -0.160387 0.000000 1130.000000
